round,accuracy,elapsed_time,round_time
1,0.020904255319148937,56.943406105041504,56.943405283751574
2,0.033297872340425534,107.66175746917725,107.66175686513087
3,0.046170212765957445,158.4586889743805,99.70190383622487
4,0.04680851063829787,208.53492903709412,187.20724416501642
5,0.10180851063829788,237.7323648929596,163.73531731823215
6,0.11377659574468085,287.87431359291077,65.3966313754397
7,0.1904787234042553,338.4420392513275,79.27367592219687
8,0.2579255319148936,394.1524682044983,99.66580932764408
9,0.3075531914893617,444.4343214035034,187.20724416501642
10,0.420531914893617,497.6967422962189,81.89476809324553
11,0.4647872340425532,553.2835621833801,143.98884617438733
12,0.48867021276595746,604.559396982193,350.0
13,0.5342553191489362,656.5580449104309,187.20724416501642
14,0.5299468085106382,712.4501473903656,350.0
15,0.5629255319148936,768.7279999256134,126.8149533000753
16,0.5938829787234042,820.2466862201691,329.37284688126255
17,0.5937765957446809,872.8822796344757,187.20724416501642
18,0.6151063829787234,926.7726044654846,126.8149533000753
19,0.6251595744680851,979.1730220317841,350.0
20,0.6464893617021277,1034.8834509849548,57.64913651256965
21,0.63,1095.0564618110657,350.0
22,0.6551063829787234,1155.2294726371765,329.37284688126255
23,0.6597872340425532,1208.4262976646423,350.0
24,0.6687765957446808,1269.2031528949738,235.71986404341004
25,0.680372340425532,1326.5027134418488,202.537751584468
26,0.6742553191489362,1382.08953332901,350.0
27,0.6870744680851064,1437.4921526908875,350.0
28,0.6857978723404256,1494.1064038276672,350.0
29,0.685372340425532,1547.9352774620056,235.71986404341004
30,0.6838297872340425,1602.4410519599915,350.0
31,0.6961170212765957,1667.8560636043549,95.66289169047135
32,0.6967021276595745,1739.431833744049,350.0
33,0.699468085106383,1793.1825597286224,350.0
34,0.6992021276595745,1844.4583945274353,350.0
35,0.7037234042553191,1897.351591348648,86.26501515874247
36,0.7057978723404256,1952.4410519599915,350.0
37,0.7091489361702128,2022.842824459076,80.72141690395256
38,0.7101595744680851,2097.054534435272,350.0
39,0.7127659574468085,2154.9421679973602,350.0
40,0.7075531914893617,2208.518821001053,350.0
41,0.7150531914893618,2262.877032518387,350.0
42,0.7067553191489362,2313.0226879119873,350.0
43,0.7180851063829787,2366.114648103714,66.94696143649207
44,0.7160106382978724,2422.021185874939,57.29807935585579
45,0.7172340425531915,2477.5791964530945,350.0
46,0.7188297872340426,2537.891667842865,350.0
47,0.7222340425531915,2599.1189596652985,350.0
48,0.7200531914893618,2663.0226879119873,350.0
49,0.7162765957446808,2753.9022257328033,90.87953774468613
50,0.7217553191489362,2827.312910079956,335.98720212442464
51,0.7230319148936171,2882.3046004772186,350.0
52,0.7255851063829787,2937.6321280002594,350.0
53,0.7215957446808511,2999.8371543884277,350.0
54,0.721436170212766,3054.18297457695,350.0
55,0.7237234042553191,3125.7587447166443,202.537751584468
56,0.7267021276595744,3196.1605172157288,335.98720212442464
57,0.7194148936170213,3266.5364923477173,350.0
58,0.7296276595744681,3334.8243708610535,350.0
59,0.7213297872340425,3390.789526462555,350.0
60,0.725531914893617,3442.585751771927,350.0
61,0.7226595744680852,3497.9132792949677,79.458505226931
62,0.7213297872340425,3561.556111574173,335.98720212442464
63,0.7276595744680852,3616.5364923477173,350.0
64,0.7207978723404256,3684.8243708610535,350.0
65,0.7247340425531915,3766.7191388607025,350.0
66,0.725531914893617,3826.835515022278,350.0
67,0.726436170212766,3893.658513069153,107.66175686513087
68,0.7289893617021277,3953.846331357956,335.98720212442464
69,0.7318085106382979,4016.0513577461243,350.0
70,0.7321276595744681,4074.8104677200317,350.0
71,0.7215957446808511,4170.47335934639,350.0
72,0.7329255319148936,4229.422936916351,350.0
73,0.7297872340425532,4289.610755205154,329.37284688126255
74,0.733404255319149,4374.598485469818,350.0
75,0.7286170212765958,4434.224237680435,350.0
76,0.7290425531914894,4516.707822084427,82.48358429848568
77,0.7262234042553192,4581.341414451599,350.0
78,0.731063829787234,4638.813673257828,329.37284688126255
79,0.7298404255319149,4695.139126062393,147.44597025644123
80,0.7330851063829787,4755.312136888504,350.0
81,0.7307446808510638,4821.954079389572,350.0
82,0.7347872340425532,4919.047454118729,163.73531731823215
83,0.734095744680851,4973.405665636063,350.0
84,0.733563829787234,5038.852473497391,197.79459791770194
85,0.7345744680851064,5095.7958788871765,335.98720212442464
86,0.7392553191489362,5152.372645139694,350.0
87,0.7321808510638298,5215.250506639481,350.0
88,0.7324468085106383,5268.551698207855,197.79459791770194
89,0.7288297872340426,5323.405665636063,350.0
90,0.7388297872340426,5384.965095996857,96.74886348211058
91,0.7371276595744681,5438.5886652469635,335.98720212442464
92,0.7308510638297873,5491.942599058151,197.79459791770194
93,0.7328191489361702,5543.25728058815,350.0
94,0.7335106382978723,5595.894336700439,350.0
95,0.7241489361702128,5648.498368740082,80.28926095522345
96,0.7328191489361702,5699.950314283371,350.0
97,0.7318085106382979,5750.795160770416,97.45827907076108
98,0.7352127659574468,5807.738566160202,335.98720212442464
99,0.7305851063829787,5860.224308490753,95.66289169047135
100,0.7355851063829787,5921.877561569214,350.0
